$ANSIBLE_VAULT;1.1;AES256
64316363326637366333353262663333343864653334396463356438356532666365383837363137
3231613036373761313138666364353165623132616138390a626232646434616637646633353330
38653035313065373732383435623664383565366665636238643663646431346265336564626166
3833663735343533360a373432306461376165623839336534393763366566303135656436663337
63386265383362623239636139633964373537663863343164383838643633653934346430623462
35616137623039373663343264656434636461363665343666623332313237386164336463396136
30363732663166613266386135643865306435396564616261343737656535633465316630633862
36653064313265636338303761313666633565373838366539636636383230653438313065316266
30653863346461633034323337393362343732643433353464353833303465323364656232653762
36626233303539313436663964613436383738356163626431373061303266313730623164636139
61613264386166386638396434643838333834626537623532336365366165343762396230383766
61646462383866666230376639336261656165383466363133376565313431623638373431386563
30313237636131383831623835383833643065353430333262393862366135656132636232373163
35323336643537393863383732303339386432373132383462323566316264313231613930363132
36353334363131393935626164306263353230393838366432373733333363326135656263646336
32323462386363343662343838306431343566356236303864656230663935353336626263656337
31636434323534303035373937626662613863613035383265383561366538306665613836363838
66353164353737656231323236326536313039356330383335626137393761623462663365303039
33393332313735646432336238633163623434323661353430326134623363373865663865353961
65393465383033376531626338313833653864333961623237626430316363333866616465396261
66326333393364376564373633373238653365393162386563313165613962356539626664333637
62303334373231306538376164303038643563326136376230623730303437653238356266353234
63383566613737326634666361323766386532366364363334653532663633343161303535303334
61323935653835356365663662333265663761346163653532356135393339376632323539363765
35303666313835633762303533656432303664323133623566336537343235633235306632343832
31636432336434646261353965663539633034313639303864393866656165343231623161636462
61386536663236613463383461363534306336353232366132343730613738383139366436396137
64363964643131616431
